
DESC seagulls
FLAGS 4
NCOLS 9
NROWS 8
NRUNS 10
NBLOBS 10
LABELS 0 1 2 3 4 5 6 7 8 9
AREAS 2 2 2 2 2 2 2 2 2 2
SUMS 2 2 2 2 2 2 2 2 2 2
1 1 0 0 0 1 1 0 0
0 0 1 1 0 0 0 1 1
0 0 0 0 0 0 0 0 0
0 0 1 1 0 0 0 0 0 
0 0 0 0 1 1 0 0 0 
0 0 0 0 0 0 0 0 0 
0 0 1 1 0 0 0 1 1 
1 1 0 0 0 1 1 0 0 

DESC seagulls
FLAGS 8
NCOLS 9
NROWS 8
NRUNS 10
NBLOBS 5
LABELS 0 1 0 1 2 2 3 4 3 4
AREAS 4 4 4 4 4
SUMS 4 4 4 4 4
1 1 0 0 0 1 1 0 0
0 0 1 1 0 0 0 1 1
0 0 0 0 0 0 0 0 0
0 0 1 1 0 0 0 0 0 
0 0 0 0 1 1 0 0 0 
0 0 0 0 0 0 0 0 0 
0 0 1 1 0 0 0 1 1 
1 1 0 0 0 1 1 0 0 

DESC hole
FLAGS 8
NCOLS 4
NROWS 4
NRUNS 10
NBLOBS 3
LABELS 0  0  2  3  0  0  3  2  0  0
AREAS 2 2 12
SUMS 4 6 12
1 1 1 1 
1 3 2 1 
1 2 3 1 
1 1 1 1

DESC U_shape_small
FLAGS 12
NCOLS 3
NROWS 2
NRUNS 4
NBLOBS 2
LABELS 0 1 0 0
AREAS 1 5
SUMS 2 5
1 2 1 
1 1 1

DESC checker
FLAGS 8
NCOLS 4
NROWS 4
NRUNS 8
NBLOBS 1
LABELS 0 1 2 3 4 5 6 7
AREAS 8
SUMS 8
1 0 1 0 
0 1 0 1 
1 0 1 0 
0 1 0 1


DESC hole
FLAGS 4
NCOLS 4
NROWS 4
NRUNS 10
NBLOBS 5
LABELS 0  0  2  3  0  0  6  7  0  0
AREAS 1 1 1 1 12
SUMS 2 2 3 3 12
1 1 1 1 
1 3 2 1 
1 2 3 1 
1 1 1 1

DESC trivial
FLAGS 12
NCOLS 2
NROWS 3
NRUNS 4
NBLOBS 2
LABELS 0 1 0 1
AREAS 3 3
SUMS 3 6
1 1
2 1
2 2

DESC candelabra_2
FLAGS 12
NCOLS 15
NROWS 5
NRUNS 18
NBLOBS 1
LABELS 0 0 0 0 0 0 0 0 0 0 0 0 0 0 0
       0 0 0
AREAS 40
SUMS 40
1 0 1 0 1 0 1 0 1 0 1 0 1 0 1
1 1 1 0 1 1 1 0 1 1 1 0 1 1 1
0 0 1 1 1 0 0 0 0 0 1 1 1 0 1
0 0 0 0 1 1 1 1 1 1 1 0 0 0 1
0 0 0 0 0 0 0 0 0 0 1 1 1 1 1

DESC candelabra_1
FLAGS 12
NCOLS 7
NROWS 6
NRUNS 17
NBLOBS 1
LABELS 0 0 0 0 0 0 0 0 0 0 0 0 0 0 0
       0 0
AREAS 25
SUMS 75
3 0 3 0 3 0 3
3 0 3 0 3 0 3
3 3 3 0 3 3 3
0 0 3 0 3 0 3
0 0 3 0 3 0 3
0 0 3 3 3 3 3


DESC candelabra_3
FLAGS 12
NCOLS 31
NROWS 9
NRUNS 67
NBLOBS 1
LABELS 0 0 0 0 0 0 0 0 0 0 0 0 0 0 0
       0 0 0 0 0 0 0 0 0 0 0 0 0 0 0
       0 0 0 0 0 0 0 0 0 0 0 0 0 0 0
       0 0 0 0 0 0 0 0 0 0 0 0 0 0 0
       0 0 0 0 0 0 0
      
AREAS 129
SUMS 129
1 0 1 0 1 0 1 0 1 0 1 0 1 0 1 0 1 0 1 0 1 0 1 0 1 0 1 0 1 0 1   
1 0 1 0 1 0 1 0 1 0 1 0 1 0 1 0 1 0 1 0 1 0 1 0 1 0 1 0 1 0 1   
1 1 1 0 1 1 1 0 1 1 1 0 1 1 1 0 1 1 1 0 1 1 1 0 1 1 1 0 1 1 1 
0 0 1 0 1 0 0 0 0 0 1 0 1 0 0 0 0 0 1 0 1 0 0 0 0 0 1 0 1 0 1
0 0 1 1 1 0 0 0 0 0 1 1 1 0 0 0 0 0 1 1 1 0 0 0 0 0 1 1 1 0 1 
0 0 0 0 1 0 0 0 0 0 1 0 0 0 0 0 0 0 0 0 1 0 0 0 0 0 1 0 0 0 1
0 0 0 0 1 1 1 1 1 1 1 0 0 0 0 0 0 0 0 0 1 1 1 1 1 1 1 0 0 0 1
0 0 0 0 1 1 1 1 1 1 1 0 0 0 0 0 0 0 0 0 1 1 1 1 1 1 1 0 0 0 1
0 0 0 0 0 0 0 0 0 0 1 1 1 1 1 1 1 1 1 1 1 0 0 0 0 0 1 1 1 1 1 

DESC cross
FLAGS 12
NCOLS 5
NROWS 5
NRUNS 11
NBLOBS 2
LABELS 0 0 2 0 0 2 0 0 2 0 0
AREAS 5 20
SUMS 5 40
2 2 2 2 2
2 2 1 2 2
2 1 1 1 2
2 2 1 2 2
2 2 2 2 2

DESC small_tree2
FLAGS 12
NCOLS 9
NROWS 9
NRUNS 23
NBLOBS 2
LABELS 0 0 2 0 0 2 0 0 2 0 0 2 0 0 2 0 0 2 0 0 2 0 0
AREAS 21 60
SUMS 42 60
1 1 1 1 1 1 1 1 1
1 1 1 1 2 1 1 1 1
1 1 2 2 2 2 2 1 1
1 1 1 1 2 1 1 1 1
1 2 2 2 2 2 2 2 1
1 1 1 1 2 1 1 1 1
1 1 2 2 2 2 2 1 1
1 1 1 1 2 1 1 1 1
1 1 1 1 1 1 1 1 1

DESC small_tree1
FLAGS 12
NCOLS 9
NROWS 9
NRUNS 7
NBLOBS 1
LABELS 0 0 0 0 0 0 0
AREAS 21
SUMS 21
0 0 0 0 0 0 0 0 0
0 0 0 0 1 0 0 0 0
0 0 1 1 1 1 1 0 0
0 0 0 0 1 0 0 0 0
0 1 1 1 1 1 1 1 0
0 0 0 0 1 0 0 0 0
0 0 1 1 1 1 1 0 0
0 0 0 0 1 0 0 0 0
0 0 0 0 0 0 0 0 0

DESC no_top_runs
FLAGS 12
NCOLS 4
NROWS 4
NRUNS 5
NBLOBS 1
LABELS 0 0 0 0 0
AREAS 8
SUMS 8
0 0 0 0
1 0 0 1 
1 0 0 1 
1 1 1 1

DESC max_join_large
FLAGS 12
NCOLS 9
NROWS 15
NRUNS 47
NBLOBS 1
LABELS 36 36 36 36 36 36 36 36 36 36 36 36 36 36 36 36 36 36 36 36
       36 36 36 36 36 36 36 36 36 36 36 36 36 36 36 36 36 36 36 36
       36 36 36 36 36 36 36
AREAS 79
SUMS 79
1 0 1 0 1 0 1 0 1
1 0 1 0 1 0 1 0 1
1 1 1 1 1 1 1 1 1
0 0 0 0 0 0 0 0 1
1 0 1 0 1 0 1 0 1
1 0 1 0 1 0 1 0 1
1 1 1 1 1 1 1 1 1
0 0 0 0 0 0 0 0 1
1 0 1 0 1 0 1 0 1
1 0 1 0 1 0 1 0 1
1 1 1 1 1 1 1 1 1
0 0 0 0 0 0 0 0 1
1 0 1 0 1 0 1 0 1
1 0 1 0 1 0 1 0 1
1 1 1 1 1 1 1 1 1

DESC head_join_left
FLAGS 12
NCOLS 4
NROWS 4
NRUNS 6
NBLOBS 1
LABELS 0 0 0 0 0 0
AREAS 9
SUMS 36
4 0 0 0
4 0 0 4 
4 0 0 4 
4 4 4 4


DESC one_run_top
FLAGS 12
NCOLS 3
NROWS 3
NRUNS 1
NBLOBS 1
LABELS 0
AREAS 1
SUMS 1
0 1 0
0 0 0
0 0 0

DESC one_run_mid
FLAGS 12
NCOLS 3
NROWS 3
NRUNS 1
NBLOBS 1
LABELS 0
AREAS 1
SUMS 9
0 0 0
0 9 0
0 0 0

DESC one_run_bot
FLAGS 12
NCOLS 3
NROWS 3
NRUNS 1
NBLOBS 1
LABELS 0
AREAS 1
SUMS 3
0 0 0
0 0 0
0 3 0

DESC head_join_right
FLAGS 12
NCOLS 4
NROWS 4
NRUNS 6
NBLOBS 1
LABELS 1 1 1 1 1 1
AREAS 9
SUMS 27
0 0 0 3
3 0 0 3 
3 0 0 3 
3 3 3 3

DESC three_join
FLAGS 12
NCOLS 4
NROWS 13
NRUNS 22
NBLOBS 4
LABELS 16 16 16 3 16 16 16 16 16 16 10 16 16 16 16 16 16 17 16 16 16 16
AREAS 1 1 1 28
SUMS 2 3 4 28
1 1 1 1
0 0 0 1
0 1 2 1
0 1 0 1
0 1 1 1
0 0 0 1
0 1 3 1
0 1 0 1
0 1 1 1
0 0 0 1
0 1 4 1
0 1 0 1
0 1 1 1

DESC intwine
FLAGS 12
NCOLS 7
NROWS 8
NRUNS 27
NBLOBS 2
LABELS 13 7 13 13 7 13 13 7 13 7 13 13 7 13 7 13 7 13 13 7 13 7 13 13 7 13 13
AREAS 21 35
SUMS 35 42
1 1 1 1 1 1 1
2 2 2 2 2 2 1
1 1 1 1 1 2 1
1 2 2 2 1 2 1
1 2 1 2 1 2 1
1 2 1 1 1 2 1
1 2 2 2 2 2 1
1 1 1 1 1 1 1 

DESC two_join
FLAGS 12
NCOLS 4
NROWS 9
NRUNS 15
NBLOBS 3
LABELS 9 9 9 3 9 9 9 9 9 9 10 9 9 9 9
AREAS 1 1 20
SUMS 5 7 20
1 1 1 1
0 0 0 1
0 1 5 1
0 1 0 1
0 1 1 1
0 0 0 1
0 1 7 1
0 1 0 1
0 1 1 1

DESC U_shape
FLAGS 12
NCOLS 4
NROWS 4
NRUNS 10
NBLOBS 2
LABELS 0 1 0 0 1 0 0 1 0 0
AREAS 6 10
SUMS 10 12
1 2 2 1 
1 2 2 1 
1 2 2 1 
1 1 1 1

DESC max_join_small
FLAGS 12
NCOLS 5
NROWS 11
NRUNS 23
NBLOBS 1
LABELS 16 16 16 16 16 16 16 16 16 16 16 16 16 16 16 16 16 16 16 16
       16 16 16
AREAS 35
SUMS 105
3 0 3 0 3
3 0 3 0 3
3 3 3 3 3
0 0 0 0 3
3 0 3 0 3
3 0 3 0 3
3 3 3 3 3
0 0 0 0 3
3 0 3 0 3
3 0 3 0 3
3 3 3 3 3

DESC big_tree_3
FLAGS 12
NCOLS 21
NROWS 21
NRUNS 107
NBLOBS 2
LABELS 
86
86 59 86
86 59 86 59 86 59 86
86 59 86 59 86 59 86
86 59 86 59 86 59 86
86 59 86
86 59 86 59 86 59 86
86 59 86 59 86 59 86
86 59 86 59 86 59 86
86 59 86
86 59 86
86 59 86
86 59 86 59 86 59 86
86 59 86 59 86 59 86
86 59 86 59 86 59 86
86 59 86
86 59 86 59 86 59 86
86 59 86 59 86 59 86
86 59 86 59 86 59 86
86 59 86
86

AREAS 125 316
SUMS 250 316
1 1 1 1 1 1 1 1 1 1 1 1 1 1 1 1 1 1 1 1 1
1 1 1 1 1 1 1 1 1 1 2 1 1 1 1 1 1 1 1 1 1
1 1 1 1 1 2 1 1 1 1 2 1 1 1 1 2 1 1 1 1 1
1 1 1 2 2 2 2 2 1 1 2 1 1 2 2 2 2 2 1 1 1
1 1 1 1 1 2 1 1 1 1 2 1 1 1 1 2 1 1 1 1 1
1 1 2 2 2 2 2 2 2 2 2 2 2 2 2 2 2 2 2 1 1
1 1 1 1 1 2 1 1 1 1 2 1 1 1 1 2 1 1 1 1 1
1 1 1 2 2 2 2 2 1 1 2 1 1 2 2 2 2 2 1 1 1
1 1 1 1 1 2 1 1 1 1 2 1 1 1 1 2 1 1 1 1 1
1 1 1 1 1 1 1 1 1 1 2 1 1 1 1 1 1 1 1 1 1
1 2 2 2 2 2 2 2 2 2 2 2 2 2 2 2 2 2 2 2 1
1 1 1 1 1 1 1 1 1 1 2 1 1 1 1 1 1 1 1 1 1
1 1 1 1 1 2 1 1 1 1 2 1 1 1 1 2 1 1 1 1 1
1 1 1 2 2 2 2 2 1 1 2 1 1 2 2 2 2 2 1 1 1
1 1 1 1 1 2 1 1 1 1 2 1 1 1 1 2 1 1 1 1 1
1 1 2 2 2 2 2 2 2 2 2 2 2 2 2 2 2 2 2 1 1
1 1 1 1 1 2 1 1 1 1 2 1 1 1 1 2 1 1 1 1 1
1 1 1 2 2 2 2 2 1 1 2 1 1 2 2 2 2 2 1 1 1
1 1 1 1 1 2 1 1 1 1 2 1 1 1 1 2 1 1 1 1 1
1 1 1 1 1 1 1 1 1 1 2 1 1 1 1 1 1 1 1 1 1
1 1 1 1 1 1 1 1 1 1 1 1 1 1 1 1 1 1 1 1 1


DESC stipple_one
FLAGS 12
NCOLS 6
NROWS 6
NRUNS 9
NBLOBS 9
LABELS 0 1 2 3 4 5 6 7 8
AREAS 1 1 1 1 1 1 1 1 1
SUMS  1 1 1 1 1 1 1 1 1
1 0 1 0 1 0
0 0 0 0 0 0
1 0 1 0 1 0
0 0 0 0 0 0
1 0 1 0 1 0
0 0 0 0 0 0

DESC no_runs
FLAGS 12
NCOLS 4
NROWS 4
NRUNS 0
NBLOBS 0
0 0 0 0
0 0 0 0
0 0 0 0
0 0 0 0


DESC filled_u_shape
FLAGS 12
NCOLS 12
NROWS 4
NRUNS 16
NBLOBS 2
LABELS 4 1 1 4 4 4
       1 4 4 1 1 4 4 1 4 4
AREAS 14 28
SUMS 28 28
0 0 1 2 2 2 2 2 2 0 2 1
1 0 1 2 2 1 0 1 2 0 2 1
1 1 1 1 1 1 1 1 2 2 2 1
1 1 1 1 1 1 1 1 1 1 1 1

DESC big_tree_4
FLAGS 12
NCOLS 33
NROWS 32
NRUNS 159
NBLOBS 1
LABELS 100 100 100 100 100 100 100 100 100 100 100 100 100 100 100
       100 100 100 100 100 100 100 100 100 100 100 100 100 100 100
       100 100 100 100 100 100 100 100 100 100 100 100 100 100 100
       100 100 100 100 100 100 100 100 100 100 100 100 100 100 100
       100 100 100 100 100 100 100 100 100 100 100 100 100 100 100
       100 100 100 100 100 100 100 100 100 100 100 100 100 100 100
       100 100 100 100 100 100 100 100 100 100 100 100 100 100 100
       100 100 100 100 100 100 100 100 100 100 100 100 100 100 100
       100 100 100 100 100 100 100 100 100 100 100 100 100 100 100
       100 100 100 100 100 100 100 100 100 100 100 100 100 100 100
       100 100 100 100 100 100 100 100 100
AREAS 755
SUMS 1510
2 2 2 2 2 2 2 2 2 2 2 2 2 2 2 2 0 2 2 2 2 2 2 2 2 2 2 2 2 2 2 2 2
2 2 2 2 2 2 2 2 2 0 2 2 2 2 2 2 0 2 2 2 2 2 2 0 2 2 2 2 2 2 2 2 2
2 2 2 2 2 2 0 2 2 0 2 2 0 2 2 2 0 2 2 2 0 2 2 0 2 2 0 2 2 2 2 2 2
2 2 2 0 0 0 0 0 0 0 0 0 0 0 0 2 0 2 0 0 0 0 0 0 0 0 0 0 0 0 2 2 2
2 2 2 2 2 2 0 2 2 0 2 2 0 2 2 2 0 2 2 2 0 2 2 0 2 2 0 2 2 2 2 2 2
2 2 2 2 2 2 0 2 2 0 2 2 0 2 2 2 0 2 2 2 0 2 2 0 2 2 0 2 2 2 2 2 2
2 2 2 2 2 2 2 2 2 0 2 2 2 2 2 2 0 2 2 2 2 2 2 0 2 2 2 2 2 2 2 2 2
2 2 0 0 0 0 0 0 0 0 0 0 0 0 0 0 0 0 0 0 0 0 0 0 0 0 0 0 0 0 0 2 2
2 2 2 2 2 2 2 2 2 0 2 2 2 2 2 2 0 2 2 2 2 2 2 0 2 2 2 2 2 2 2 2 2
2 2 2 2 2 2 0 2 2 0 2 2 0 2 2 2 0 2 2 2 0 2 2 0 2 2 0 2 2 2 2 2 2
2 2 2 0 0 0 0 0 0 0 0 0 0 0 0 2 0 2 0 0 0 0 0 0 0 0 0 0 0 0 2 2 2
2 2 2 2 2 2 0 2 2 0 2 2 0 2 2 2 0 2 2 2 0 2 2 0 2 2 0 2 2 2 2 2 2
2 2 2 2 2 2 0 2 2 0 2 2 0 2 2 2 0 2 2 2 0 2 2 0 2 2 0 2 2 2 2 2 2
2 2 2 2 2 2 2 2 2 0 2 2 2 2 2 2 0 2 2 2 2 2 2 0 2 2 2 2 2 2 2 2 2
2 2 2 2 2 2 2 2 2 2 2 2 2 2 2 2 0 2 2 2 2 2 2 2 2 2 2 2 2 2 2 2 2

2 0 0 0 0 0 0 0 0 0 0 0 0 0 0 0 0 0 0 0 0 0 0 0 0 0 0 0 0 0 0 0 2
2 2 2 2 2 2 2 2 2 2 2 2 2 2 2 2 0 2 2 2 2 2 2 2 2 2 2 2 2 2 2 2 2
2 2 2 2 2 2 2 2 2 0 2 2 2 2 2 2 0 2 2 2 2 2 2 0 2 2 2 2 2 2 2 2 2
2 2 2 2 2 2 0 2 2 0 2 2 0 2 2 2 0 2 2 2 0 2 2 0 2 2 0 2 2 2 2 2 2
2 2 2 0 0 0 0 0 0 0 0 0 0 0 0 2 0 2 0 0 0 0 0 0 0 0 0 0 0 0 2 2 2
2 2 2 2 2 2 0 2 2 0 2 2 0 2 2 2 0 2 2 2 0 2 2 0 2 2 0 2 2 2 2 2 2
2 2 2 2 2 2 0 2 2 0 2 2 0 2 2 2 0 2 2 2 0 2 2 0 2 2 0 2 2 2 2 2 2
2 2 2 2 2 2 2 2 2 0 2 2 2 2 2 2 0 2 2 2 2 2 2 0 2 2 2 2 2 2 2 2 2
2 2 0 0 0 0 0 0 0 0 0 0 0 0 0 0 0 0 0 0 0 0 0 0 0 0 0 0 0 0 0 2 2
2 2 2 2 2 2 2 2 2 0 2 2 2 2 2 2 0 2 2 2 2 2 2 0 2 2 2 2 2 2 2 2 2
2 2 2 2 2 2 0 2 2 0 2 2 0 2 2 2 0 2 2 2 0 2 2 0 2 2 0 2 2 2 2 2 2
2 2 2 0 0 0 0 0 0 0 0 0 0 0 0 2 0 2 0 0 0 0 0 0 0 0 0 0 0 0 2 2 2
2 2 2 2 2 2 0 2 2 0 2 2 0 2 2 2 0 2 2 2 0 2 2 0 2 2 0 2 2 2 2 2 2
2 2 2 2 2 2 0 2 2 0 2 2 0 2 2 2 0 2 2 2 0 2 2 0 2 2 0 2 2 2 2 2 2
2 2 2 2 2 2 2 2 2 0 2 2 2 2 2 2 0 2 2 2 2 2 2 0 2 2 2 2 2 2 2 2 2
2 2 2 2 2 2 2 2 2 2 2 2 2 2 2 2 0 2 2 2 2 2 2 2 2 2 2 2 2 2 2 2 2
2 2 2 2 2 2 2 2 2 2 2 2 2 2 2 2 2 2 2 2 2 2 2 2 2 2 2 2 2 2 2 2 2 

DESC big_tree_2
FLAGS 12
NCOLS 21
NROWS 21
NRUNS 64
NBLOBS 1
LABELS 51 51 51 51 51 51 51 51 51 51 51 51 51 51 51
       51 51 51 51 51 51 51 51 51 51 51 51 51 51 51
       51 51 51 51 51 51 51 51 51 51 51 51 51 51 51
       51 51 51 51 51 51 51 51 51 51 51 51 51 51 51
       51 51 51 51

AREAS 316
SUMS 316
1 1 1 1 1 1 1 1 1 1 1 1 1 1 1 1 1 1 1 1 1
1 1 1 1 1 1 1 1 1 1 0 1 1 1 1 1 1 1 1 1 1
1 1 1 1 1 0 1 1 1 1 0 1 1 1 1 0 1 1 1 1 1
1 1 1 0 0 0 0 0 1 1 0 1 1 0 0 0 0 0 1 1 1
1 1 1 1 1 0 1 1 1 1 0 1 1 1 1 0 1 1 1 1 1
1 1 0 0 0 0 0 0 0 0 0 0 0 0 0 0 0 0 0 1 1
1 1 1 1 1 0 1 1 1 1 0 1 1 1 1 0 1 1 1 1 1
1 1 1 0 0 0 0 0 1 1 0 1 1 0 0 0 0 0 1 1 1
1 1 1 1 1 0 1 1 1 1 0 1 1 1 1 0 1 1 1 1 1
1 1 1 1 1 1 1 1 1 1 0 1 1 1 1 1 1 1 1 1 1
1 0 0 0 0 0 0 0 0 0 0 0 0 0 0 0 0 0 0 0 1
1 1 1 1 1 1 1 1 1 1 0 1 1 1 1 1 1 1 1 1 1
1 1 1 1 1 0 1 1 1 1 0 1 1 1 1 0 1 1 1 1 1
1 1 1 0 0 0 0 0 1 1 0 1 1 0 0 0 0 0 1 1 1
1 1 1 1 1 0 1 1 1 1 0 1 1 1 1 0 1 1 1 1 1
1 1 0 0 0 0 0 0 0 0 0 0 0 0 0 0 0 0 0 1 1
1 1 1 1 1 0 1 1 1 1 0 1 1 1 1 0 1 1 1 1 1
1 1 1 0 0 0 0 0 1 1 0 1 1 0 0 0 0 0 1 1 1
1 1 1 1 1 0 1 1 1 1 0 1 1 1 1 0 1 1 1 1 1
1 1 1 1 1 1 1 1 1 1 0 1 1 1 1 1 1 1 1 1 1
1 1 1 1 1 1 1 1 1 1 1 1 1 1 1 1 1 1 1 1 1

DESC big_tree_1
FLAGS 12
NCOLS 21
NROWS 21
NRUNS 43
NBLOBS 1
LABELS 23 23 23 23 23 23 23 23 23 23 23 23 23 23 23
       23 23 23 23 23 23 23 23 23 23 23 23 23 23 23
       23 23 23 23 23 23 23 23 23 23 23 23 23

AREAS 125
SUMS 250
0 0 0 0 0 0 0 0 0 0 0 0 0 0 0 0 0 0 0 0 0
0 0 0 0 0 0 0 0 0 0 2 0 0 0 0 0 0 0 0 0 0
0 0 0 0 0 2 0 0 0 0 2 0 0 0 0 2 0 0 0 0 0
0 0 0 2 2 2 2 2 0 0 2 0 0 2 2 2 2 2 0 0 0
0 0 0 0 0 2 0 0 0 0 2 0 0 0 0 2 0 0 0 0 0
0 0 2 2 2 2 2 2 2 2 2 2 2 2 2 2 2 2 2 0 0
0 0 0 0 0 2 0 0 0 0 2 0 0 0 0 2 0 0 0 0 0
0 0 0 2 2 2 2 2 0 0 2 0 0 2 2 2 2 2 0 0 0
0 0 0 0 0 2 0 0 0 0 2 0 0 0 0 2 0 0 0 0 0
0 0 0 0 0 0 0 0 0 0 2 0 0 0 0 0 0 0 0 0 0
0 2 2 2 2 2 2 2 2 2 2 2 2 2 2 2 2 2 2 2 0
0 0 0 0 0 0 0 0 0 0 2 0 0 0 0 0 0 0 0 0 0
0 0 0 0 0 2 0 0 0 0 2 0 0 0 0 2 0 0 0 0 0
0 0 0 2 2 2 2 2 0 0 2 0 0 2 2 2 2 2 0 0 0
0 0 0 0 0 2 0 0 0 0 2 0 0 0 0 2 0 0 0 0 0
0 0 2 2 2 2 2 2 2 2 2 2 2 2 2 2 2 2 2 0 0
0 0 0 0 0 2 0 0 0 0 2 0 0 0 0 2 0 0 0 0 0
0 0 0 2 2 2 2 2 0 0 2 0 0 2 2 2 2 2 0 0 0
0 0 0 0 0 2 0 0 0 0 2 0 0 0 0 2 0 0 0 0 0
0 0 0 0 0 0 0 0 0 0 2 0 0 0 0 0 0 0 0 0 0
0 0 0 0 0 0 0 0 0 0 0 0 0 0 0 0 0 0 0 0 0
